distribuirAvaliadoresPagina;0%;1
distribuirAvaliadoresPagina;10%;1
distribuirAvaliadoresPagina;20%;0,06896552
distribuirAvaliadoresPagina;30%;0,1
distribuirAvaliadoresPagina;40%;0,1290323
distribuirAvaliadoresPagina;50%;0,15625
distribuirAvaliadoresPagina;60%;0,1818182
distribuirAvaliadoresPagina;70%;0,2058824
distribuirAvaliadoresPagina;80%;0,2285714
distribuirAvaliadoresPagina;90%;0,25
distribuirAvaliadoresPagina;100%;0,2702703
distribuirAvaliadoresComSucesso;0%;1
distribuirAvaliadoresComSucesso;10%;0,2
distribuirAvaliadoresComSucesso;20%;0,3333333
distribuirAvaliadoresComSucesso;30%;0,4285714
distribuirAvaliadoresComSucesso;40%;0,5
distribuirAvaliadoresComSucesso;50%;0,5555556
distribuirAvaliadoresComSucesso;60%;0,6
distribuirAvaliadoresComSucesso;70%;0,6363636
distribuirAvaliadoresComSucesso;80%;0,6666667
distribuirAvaliadoresComSucesso;90%;0,6923077
distribuirAvaliadoresComSucesso;100%;0,625
distribuirAvaliadoresSemPreencherPrazoDeAvaliacao;0%;1
distribuirAvaliadoresSemPreencherPrazoDeAvaliacao;10%;0,1111111
distribuirAvaliadoresSemPreencherPrazoDeAvaliacao;20%;0,1666667
distribuirAvaliadoresSemPreencherPrazoDeAvaliacao;30%;0,2307692
distribuirAvaliadoresSemPreencherPrazoDeAvaliacao;40%;0,2857143
distribuirAvaliadoresSemPreencherPrazoDeAvaliacao;50%;0,3333333
distribuirAvaliadoresSemPreencherPrazoDeAvaliacao;60%;0,375
distribuirAvaliadoresSemPreencherPrazoDeAvaliacao;70%;0,4117647
distribuirAvaliadoresSemPreencherPrazoDeAvaliacao;80%;0,4444444
distribuirAvaliadoresSemPreencherPrazoDeAvaliacao;90%;0,4736842
distribuirAvaliadoresSemPreencherPrazoDeAvaliacao;100%;0,5
distribuirAvaliadoresSemCoordenadorDeArea;0%;1
distribuirAvaliadoresSemCoordenadorDeArea;10%;1
distribuirAvaliadoresSemCoordenadorDeArea;20%;1
distribuirAvaliadoresSemCoordenadorDeArea;30%;1
distribuirAvaliadoresSemCoordenadorDeArea;40%;0,3333333
distribuirAvaliadoresSemCoordenadorDeArea;50%;0,3846154
distribuirAvaliadoresSemCoordenadorDeArea;60%;0,4285714
distribuirAvaliadoresSemCoordenadorDeArea;70%;0,4666667
distribuirAvaliadoresSemCoordenadorDeArea;80%;0,5
distribuirAvaliadoresSemCoordenadorDeArea;90%;0,5294118
distribuirAvaliadoresSemCoordenadorDeArea;100%;0,5
distribuirAvaliadoresComMaisDeUmCoordenadorDeArea;0%;1
distribuirAvaliadoresComMaisDeUmCoordenadorDeArea;10%;1
distribuirAvaliadoresComMaisDeUmCoordenadorDeArea;20%;1
distribuirAvaliadoresComMaisDeUmCoordenadorDeArea;30%;1
distribuirAvaliadoresComMaisDeUmCoordenadorDeArea;40%;0,3333333
distribuirAvaliadoresComMaisDeUmCoordenadorDeArea;50%;0,3846154
distribuirAvaliadoresComMaisDeUmCoordenadorDeArea;60%;0,4285714
distribuirAvaliadoresComMaisDeUmCoordenadorDeArea;70%;0,4666667
distribuirAvaliadoresComMaisDeUmCoordenadorDeArea;80%;0,5
distribuirAvaliadoresComMaisDeUmCoordenadorDeArea;90%;0,5294118
distribuirAvaliadoresComMaisDeUmCoordenadorDeArea;100%;0,5
distribuirAvaliadoresSemAvaliadores;0%;1
distribuirAvaliadoresSemAvaliadores;10%;1
distribuirAvaliadoresSemAvaliadores;20%;1
distribuirAvaliadoresSemAvaliadores;30%;1
distribuirAvaliadoresSemAvaliadores;40%;0,3333333
distribuirAvaliadoresSemAvaliadores;50%;0,3846154
distribuirAvaliadoresSemAvaliadores;60%;0,4285714
distribuirAvaliadoresSemAvaliadores;70%;0,4666667
distribuirAvaliadoresSemAvaliadores;80%;0,5
distribuirAvaliadoresSemAvaliadores;90%;0,5294118
distribuirAvaliadoresSemAvaliadores;100%;0,5
distribuirAvaliadoresSemFichaDeAvaliacao;0%;1
distribuirAvaliadoresSemFichaDeAvaliacao;10%;1
distribuirAvaliadoresSemFichaDeAvaliacao;20%;1
distribuirAvaliadoresSemFichaDeAvaliacao;30%;1
distribuirAvaliadoresSemFichaDeAvaliacao;40%;0,3333333
distribuirAvaliadoresSemFichaDeAvaliacao;50%;0,3846154
distribuirAvaliadoresSemFichaDeAvaliacao;60%;0,4285714
distribuirAvaliadoresSemFichaDeAvaliacao;70%;0,4666667
distribuirAvaliadoresSemFichaDeAvaliacao;80%;0,5
distribuirAvaliadoresSemFichaDeAvaliacao;90%;0,5294118
distribuirAvaliadoresSemFichaDeAvaliacao;100%;0,5
distribuirAvaliadoresVerPrimeiraProducao;0%;1
distribuirAvaliadoresVerPrimeiraProducao;10%;1
distribuirAvaliadoresVerPrimeiraProducao;20%;1
distribuirAvaliadoresVerPrimeiraProducao;30%;1
distribuirAvaliadoresVerPrimeiraProducao;40%;1
distribuirAvaliadoresVerPrimeiraProducao;50%;1
distribuirAvaliadoresVerPrimeiraProducao;60%;1
distribuirAvaliadoresVerPrimeiraProducao;70%;1
distribuirAvaliadoresVerPrimeiraProducao;80%;1
distribuirAvaliadoresVerPrimeiraProducao;90%;1
distribuirAvaliadoresVerPrimeiraProducao;100%;0,8333333
distribuirAvaliadoresVerSegundaProducao;0%;1
distribuirAvaliadoresVerSegundaProducao;10%;1
distribuirAvaliadoresVerSegundaProducao;20%;1
distribuirAvaliadoresVerSegundaProducao;30%;1
distribuirAvaliadoresVerSegundaProducao;40%;1
distribuirAvaliadoresVerSegundaProducao;50%;1
distribuirAvaliadoresVerSegundaProducao;60%;1
distribuirAvaliadoresVerSegundaProducao;70%;1
distribuirAvaliadoresVerSegundaProducao;80%;1
distribuirAvaliadoresVerSegundaProducao;90%;1
distribuirAvaliadoresVerSegundaProducao;100%;0,8333333
distribuirAvaliadoresVerPrimeiraProducaoAtualizada;0%;1
distribuirAvaliadoresVerPrimeiraProducaoAtualizada;10%;1
distribuirAvaliadoresVerPrimeiraProducaoAtualizada;20%;1
distribuirAvaliadoresVerPrimeiraProducaoAtualizada;30%;1
distribuirAvaliadoresVerPrimeiraProducaoAtualizada;40%;1
distribuirAvaliadoresVerPrimeiraProducaoAtualizada;50%;1
distribuirAvaliadoresVerPrimeiraProducaoAtualizada;60%;1
distribuirAvaliadoresVerPrimeiraProducaoAtualizada;70%;1
distribuirAvaliadoresVerPrimeiraProducaoAtualizada;80%;1
distribuirAvaliadoresVerPrimeiraProducaoAtualizada;90%;1
distribuirAvaliadoresVerPrimeiraProducaoAtualizada;100%;0,8333333
distribuirAvaliadoresVerSegundaProducaoAtualizada;0%;1
distribuirAvaliadoresVerSegundaProducaoAtualizada;10%;1
distribuirAvaliadoresVerSegundaProducaoAtualizada;20%;1
distribuirAvaliadoresVerSegundaProducaoAtualizada;30%;1
distribuirAvaliadoresVerSegundaProducaoAtualizada;40%;1
distribuirAvaliadoresVerSegundaProducaoAtualizada;50%;1
distribuirAvaliadoresVerSegundaProducaoAtualizada;60%;1
distribuirAvaliadoresVerSegundaProducaoAtualizada;70%;1
distribuirAvaliadoresVerSegundaProducaoAtualizada;80%;1
distribuirAvaliadoresVerSegundaProducaoAtualizada;90%;1
distribuirAvaliadoresVerSegundaProducaoAtualizada;100%;0,8333333
avaliarAvaliador;0%;1
avaliarAvaliador;10%;1
avaliarAvaliador;20%;1
avaliarAvaliador;30%;1
avaliarAvaliador;40%;1
avaliarAvaliador;50%;1
avaliarAvaliador;60%;1
avaliarAvaliador;70%;1
avaliarAvaliador;80%;1
avaliarAvaliador;90%;1
avaliarAvaliador;100%;1
avaliarCoordenadorDeArea;0%;1
avaliarCoordenadorDeArea;10%;1
avaliarCoordenadorDeArea;20%;1
avaliarCoordenadorDeArea;30%;1
avaliarCoordenadorDeArea;40%;1
avaliarCoordenadorDeArea;50%;1
avaliarCoordenadorDeArea;60%;1
avaliarCoordenadorDeArea;70%;1
avaliarCoordenadorDeArea;80%;1
avaliarCoordenadorDeArea;90%;1
avaliarCoordenadorDeArea;100%;1
cadastrarFichaDeAvaliacaoPagina;0%;1
cadastrarFichaDeAvaliacaoPagina;10%;1
cadastrarFichaDeAvaliacaoPagina;20%;0,02631579
cadastrarFichaDeAvaliacaoPagina;30%;0,02631579
cadastrarFichaDeAvaliacaoPagina;40%;0,05128205
cadastrarFichaDeAvaliacaoPagina;50%;0,075
cadastrarFichaDeAvaliacaoPagina;60%;0,075
cadastrarFichaDeAvaliacaoPagina;70%;0,09756098
cadastrarFichaDeAvaliacaoPagina;80%;0,09756098
cadastrarFichaDeAvaliacaoPagina;90%;0,1190476
cadastrarFichaDeAvaliacaoPagina;100%;0,1395349
cadastrarFichaDeAvaliacaoComSucesso;0%;1
cadastrarFichaDeAvaliacaoComSucesso;10%;1
cadastrarFichaDeAvaliacaoComSucesso;20%;1
cadastrarFichaDeAvaliacaoComSucesso;30%;1
cadastrarFichaDeAvaliacaoComSucesso;40%;1
cadastrarFichaDeAvaliacaoComSucesso;50%;1
cadastrarFichaDeAvaliacaoComSucesso;60%;1
cadastrarFichaDeAvaliacaoComSucesso;70%;0,5714286
cadastrarFichaDeAvaliacaoComSucesso;80%;0,5714286
cadastrarFichaDeAvaliacaoComSucesso;90%;0,2380952
cadastrarFichaDeAvaliacaoComSucesso;100%;0,2727273
cadastrarFichaDeAvaliacaoSomatorioDePontosAcimaDe100;0%;1
cadastrarFichaDeAvaliacaoSomatorioDePontosAcimaDe100;10%;1
cadastrarFichaDeAvaliacaoSomatorioDePontosAcimaDe100;20%;0,1111111
cadastrarFichaDeAvaliacaoSomatorioDePontosAcimaDe100;30%;0,1111111
cadastrarFichaDeAvaliacaoSomatorioDePontosAcimaDe100;40%;0,09090909
cadastrarFichaDeAvaliacaoSomatorioDePontosAcimaDe100;50%;0,1304348
cadastrarFichaDeAvaliacaoSomatorioDePontosAcimaDe100;60%;0,1304348
cadastrarFichaDeAvaliacaoSomatorioDePontosAcimaDe100;70%;0,1666667
cadastrarFichaDeAvaliacaoSomatorioDePontosAcimaDe100;80%;0,1666667
cadastrarFichaDeAvaliacaoSomatorioDePontosAcimaDe100;90%;0,2
cadastrarFichaDeAvaliacaoSomatorioDePontosAcimaDe100;100%;0,2307692
cadastrarFichaDeAvaliacaoDuasVezesComSucesso;0%;1
cadastrarFichaDeAvaliacaoDuasVezesComSucesso;10%;1
cadastrarFichaDeAvaliacaoDuasVezesComSucesso;20%;1
cadastrarFichaDeAvaliacaoDuasVezesComSucesso;30%;1
cadastrarFichaDeAvaliacaoDuasVezesComSucesso;40%;1
cadastrarFichaDeAvaliacaoDuasVezesComSucesso;50%;1
cadastrarFichaDeAvaliacaoDuasVezesComSucesso;60%;1
cadastrarFichaDeAvaliacaoDuasVezesComSucesso;70%;0,2
cadastrarFichaDeAvaliacaoDuasVezesComSucesso;80%;0,2
cadastrarFichaDeAvaliacaoDuasVezesComSucesso;90%;0,2380952
cadastrarFichaDeAvaliacaoDuasVezesComSucesso;100%;0,2727273
cadastrarFichaDeAvaliacaoVerFichaDeAvaliacao;0%;1
cadastrarFichaDeAvaliacaoVerFichaDeAvaliacao;10%;1
cadastrarFichaDeAvaliacaoVerFichaDeAvaliacao;20%;0,2
cadastrarFichaDeAvaliacaoVerFichaDeAvaliacao;30%;0,2
cadastrarFichaDeAvaliacaoVerFichaDeAvaliacao;40%;0,3333333
cadastrarFichaDeAvaliacaoVerFichaDeAvaliacao;50%;0,15
cadastrarFichaDeAvaliacaoVerFichaDeAvaliacao;60%;0,15
cadastrarFichaDeAvaliacaoVerFichaDeAvaliacao;70%;0,1904762
cadastrarFichaDeAvaliacaoVerFichaDeAvaliacao;80%;0,1904762
cadastrarFichaDeAvaliacaoVerFichaDeAvaliacao;90%;0,2272727
cadastrarFichaDeAvaliacaoVerFichaDeAvaliacao;100%;0,2608696
cadastrarFichaDeAvaliacaoVerFormulario;0%;1
cadastrarFichaDeAvaliacaoVerFormulario;10%;1
cadastrarFichaDeAvaliacaoVerFormulario;20%;0,2
cadastrarFichaDeAvaliacaoVerFormulario;30%;0,2
cadastrarFichaDeAvaliacaoVerFormulario;40%;0,3333333
cadastrarFichaDeAvaliacaoVerFormulario;50%;0,4285714
cadastrarFichaDeAvaliacaoVerFormulario;60%;0,4285714
cadastrarFichaDeAvaliacaoVerFormulario;70%;0,5
cadastrarFichaDeAvaliacaoVerFormulario;80%;0,5
cadastrarFichaDeAvaliacaoVerFormulario;90%;0,2
cadastrarFichaDeAvaliacaoVerFormulario;100%;0,2307692
cadastrarFichaDeAvaliacaoVerFichaDeAvaliacaoRecadastrada;0%;1
cadastrarFichaDeAvaliacaoVerFichaDeAvaliacaoRecadastrada;10%;1
cadastrarFichaDeAvaliacaoVerFichaDeAvaliacaoRecadastrada;20%;1
cadastrarFichaDeAvaliacaoVerFichaDeAvaliacaoRecadastrada;30%;1
cadastrarFichaDeAvaliacaoVerFichaDeAvaliacaoRecadastrada;40%;1
cadastrarFichaDeAvaliacaoVerFichaDeAvaliacaoRecadastrada;50%;1
cadastrarFichaDeAvaliacaoVerFichaDeAvaliacaoRecadastrada;60%;1
cadastrarFichaDeAvaliacaoVerFichaDeAvaliacaoRecadastrada;70%;0,3636364
cadastrarFichaDeAvaliacaoVerFichaDeAvaliacaoRecadastrada;80%;0,3636364
cadastrarFichaDeAvaliacaoVerFichaDeAvaliacaoRecadastrada;90%;0,2272727
cadastrarFichaDeAvaliacaoVerFichaDeAvaliacaoRecadastrada;100%;0,2608696
importarAvaliadoresCoordenadorPagina;0%;1
importarAvaliadoresCoordenadorPagina;10%;0,2
importarAvaliadoresCoordenadorPagina;20%;0,3333333
importarAvaliadoresCoordenadorPagina;30%;0,2857143
importarAvaliadoresCoordenadorPagina;40%;0,3333333
importarAvaliadoresCoordenadorPagina;50%;0,4117647
importarAvaliadoresCoordenadorPagina;60%;0,4444444
importarAvaliadoresCoordenadorPagina;70%;0,4736842
importarAvaliadoresCoordenadorPagina;80%;0,5238095
importarAvaliadoresCoordenadorPagina;90%;0,5454545
importarAvaliadoresCoordenadorPagina;100%;0,3333333
importarAvaliadoresCoordenadorComSucesso;0%;1
importarAvaliadoresCoordenadorComSucesso;10%;0,1428571
importarAvaliadoresCoordenadorComSucesso;20%;0,25
importarAvaliadoresCoordenadorComSucesso;30%;0,2666667
importarAvaliadoresCoordenadorComSucesso;40%;0,3125
importarAvaliadoresCoordenadorComSucesso;50%;0,3888889
importarAvaliadoresCoordenadorComSucesso;60%;0,4210526
importarAvaliadoresCoordenadorComSucesso;70%;0,45
importarAvaliadoresCoordenadorComSucesso;80%;0,5
importarAvaliadoresCoordenadorComSucesso;90%;0,5217391
importarAvaliadoresCoordenadorComSucesso;100%;0,3333333
importarAvaliadoresCoordenadorDuasVezesComSucesso;0%;1
importarAvaliadoresCoordenadorDuasVezesComSucesso;10%;0,2
importarAvaliadoresCoordenadorDuasVezesComSucesso;20%;0,3333333
importarAvaliadoresCoordenadorDuasVezesComSucesso;30%;0,3333333
importarAvaliadoresCoordenadorDuasVezesComSucesso;40%;0,3846154
importarAvaliadoresCoordenadorDuasVezesComSucesso;50%;0,4666667
importarAvaliadoresCoordenadorDuasVezesComSucesso;60%;0,5
importarAvaliadoresCoordenadorDuasVezesComSucesso;70%;0,5294118
importarAvaliadoresCoordenadorDuasVezesComSucesso;80%;0,5789474
importarAvaliadoresCoordenadorDuasVezesComSucesso;90%;0,6
importarAvaliadoresCoordenadorDuasVezesComSucesso;100%;0,3333333
importarAvaliadoresCoordenadorSemArquivo;0%;1
importarAvaliadoresCoordenadorSemArquivo;10%;0,04347826
importarAvaliadoresCoordenadorSemArquivo;20%;0,08333333
importarAvaliadoresCoordenadorSemArquivo;30%;0,1538462
importarAvaliadoresCoordenadorSemArquivo;40%;0,1851852
importarAvaliadoresCoordenadorSemArquivo;50%;0,2413793
importarAvaliadoresCoordenadorSemArquivo;60%;0,2666667
importarAvaliadoresCoordenadorSemArquivo;70%;0,2903226
importarAvaliadoresCoordenadorSemArquivo;80%;0,3333333
importarAvaliadoresCoordenadorSemArquivo;90%;0,3529412
importarAvaliadoresCoordenadorSemArquivo;100%;0,3888889
importarAvaliadoresCoordenadorArquivoVazio;0%;1
importarAvaliadoresCoordenadorArquivoVazio;10%;0,3333333
importarAvaliadoresCoordenadorArquivoVazio;20%;0,5
importarAvaliadoresCoordenadorArquivoVazio;30%;0,2857143
importarAvaliadoresCoordenadorArquivoVazio;40%;0,3333333
importarAvaliadoresCoordenadorArquivoVazio;50%;0,4117647
importarAvaliadoresCoordenadorArquivoVazio;60%;0,4444444
importarAvaliadoresCoordenadorArquivoVazio;70%;0,4736842
importarAvaliadoresCoordenadorArquivoVazio;80%;0,5238095
importarAvaliadoresCoordenadorArquivoVazio;90%;0,5454545
importarAvaliadoresCoordenadorArquivoVazio;100%;0,3333333
importarAvaliadoresCoordenadorArquivoSemCabecalho;0%;1
importarAvaliadoresCoordenadorArquivoSemCabecalho;10%;0,3333333
importarAvaliadoresCoordenadorArquivoSemCabecalho;20%;0,5
importarAvaliadoresCoordenadorArquivoSemCabecalho;30%;0,2857143
importarAvaliadoresCoordenadorArquivoSemCabecalho;40%;0,3333333
importarAvaliadoresCoordenadorArquivoSemCabecalho;50%;0,4117647
importarAvaliadoresCoordenadorArquivoSemCabecalho;60%;0,4444444
importarAvaliadoresCoordenadorArquivoSemCabecalho;70%;0,4736842
importarAvaliadoresCoordenadorArquivoSemCabecalho;80%;0,5238095
importarAvaliadoresCoordenadorArquivoSemCabecalho;90%;0,5454545
importarAvaliadoresCoordenadorArquivoSemCabecalho;100%;0,3333333
importarAvaliadoresCoordenadorArquivoSemDocumento;0%;1
importarAvaliadoresCoordenadorArquivoSemDocumento;10%;0,3333333
importarAvaliadoresCoordenadorArquivoSemDocumento;20%;0,5
importarAvaliadoresCoordenadorArquivoSemDocumento;30%;0,2857143
importarAvaliadoresCoordenadorArquivoSemDocumento;40%;0,3333333
importarAvaliadoresCoordenadorArquivoSemDocumento;50%;0,4117647
importarAvaliadoresCoordenadorArquivoSemDocumento;60%;0,4444444
importarAvaliadoresCoordenadorArquivoSemDocumento;70%;0,4736842
importarAvaliadoresCoordenadorArquivoSemDocumento;80%;0,5238095
importarAvaliadoresCoordenadorArquivoSemDocumento;90%;0,5454545
importarAvaliadoresCoordenadorArquivoSemDocumento;100%;0,3333333
importarAvaliadoresCoordenadorVerAvaliadoresDeImportacao;0%;1
importarAvaliadoresCoordenadorVerAvaliadoresDeImportacao;10%;0,1428571
importarAvaliadoresCoordenadorVerAvaliadoresDeImportacao;20%;0,25
importarAvaliadoresCoordenadorVerAvaliadoresDeImportacao;30%;0,2666667
importarAvaliadoresCoordenadorVerAvaliadoresDeImportacao;40%;0,3125
importarAvaliadoresCoordenadorVerAvaliadoresDeImportacao;50%;0,3888889
importarAvaliadoresCoordenadorVerAvaliadoresDeImportacao;60%;0,4210526
importarAvaliadoresCoordenadorVerAvaliadoresDeImportacao;70%;0,45
importarAvaliadoresCoordenadorVerAvaliadoresDeImportacao;80%;0,5
importarAvaliadoresCoordenadorVerAvaliadoresDeImportacao;90%;0,5217391
importarAvaliadoresCoordenadorVerAvaliadoresDeImportacao;100%;0,3333333
importarAvaliadoresCoordenadorVerCoordenadorDeImportacao;0%;1
importarAvaliadoresCoordenadorVerCoordenadorDeImportacao;10%;0,1428571
importarAvaliadoresCoordenadorVerCoordenadorDeImportacao;20%;0,25
importarAvaliadoresCoordenadorVerCoordenadorDeImportacao;30%;0,2666667
importarAvaliadoresCoordenadorVerCoordenadorDeImportacao;40%;0,3125
importarAvaliadoresCoordenadorVerCoordenadorDeImportacao;50%;0,3888889
importarAvaliadoresCoordenadorVerCoordenadorDeImportacao;60%;0,4210526
importarAvaliadoresCoordenadorVerCoordenadorDeImportacao;70%;0,45
importarAvaliadoresCoordenadorVerCoordenadorDeImportacao;80%;0,5
importarAvaliadoresCoordenadorVerCoordenadorDeImportacao;90%;0,5217391
importarAvaliadoresCoordenadorVerCoordenadorDeImportacao;100%;0,3333333
importarAvaliadoresCoordenadorVerAvaliadoresDeSegundaImportacaoComDadosAtualizados;0%;1
importarAvaliadoresCoordenadorVerAvaliadoresDeSegundaImportacaoComDadosAtualizados;10%;0,2
importarAvaliadoresCoordenadorVerAvaliadoresDeSegundaImportacaoComDadosAtualizados;20%;0,3333333
importarAvaliadoresCoordenadorVerAvaliadoresDeSegundaImportacaoComDadosAtualizados;30%;0,3333333
importarAvaliadoresCoordenadorVerAvaliadoresDeSegundaImportacaoComDadosAtualizados;40%;0,3846154
importarAvaliadoresCoordenadorVerAvaliadoresDeSegundaImportacaoComDadosAtualizados;50%;0,4666667
importarAvaliadoresCoordenadorVerAvaliadoresDeSegundaImportacaoComDadosAtualizados;60%;0,5
importarAvaliadoresCoordenadorVerAvaliadoresDeSegundaImportacaoComDadosAtualizados;70%;0,5294118
importarAvaliadoresCoordenadorVerAvaliadoresDeSegundaImportacaoComDadosAtualizados;80%;0,5789474
importarAvaliadoresCoordenadorVerAvaliadoresDeSegundaImportacaoComDadosAtualizados;90%;0,6
importarAvaliadoresCoordenadorVerAvaliadoresDeSegundaImportacaoComDadosAtualizados;100%;0,3333333
importarAvaliadoresCoordenadorVerCoordenadorDeSegundaImportacaoComDadosAtualizados;0%;1
importarAvaliadoresCoordenadorVerCoordenadorDeSegundaImportacaoComDadosAtualizados;10%;0,2
importarAvaliadoresCoordenadorVerCoordenadorDeSegundaImportacaoComDadosAtualizados;20%;0,3333333
importarAvaliadoresCoordenadorVerCoordenadorDeSegundaImportacaoComDadosAtualizados;30%;0,3333333
importarAvaliadoresCoordenadorVerCoordenadorDeSegundaImportacaoComDadosAtualizados;40%;0,3846154
importarAvaliadoresCoordenadorVerCoordenadorDeSegundaImportacaoComDadosAtualizados;50%;0,4666667
importarAvaliadoresCoordenadorVerCoordenadorDeSegundaImportacaoComDadosAtualizados;60%;0,5
importarAvaliadoresCoordenadorVerCoordenadorDeSegundaImportacaoComDadosAtualizados;70%;0,5294118
importarAvaliadoresCoordenadorVerCoordenadorDeSegundaImportacaoComDadosAtualizados;80%;0,5789474
importarAvaliadoresCoordenadorVerCoordenadorDeSegundaImportacaoComDadosAtualizados;90%;0,6
importarAvaliadoresCoordenadorVerCoordenadorDeSegundaImportacaoComDadosAtualizados;100%;0,3333333
importarAvaliadoresCoordenadorVerAvaliadoresDeSegundaImportacaoDeDuasImportacoesEmAreaDiferenteComDadosAtualizados;0%;1
importarAvaliadoresCoordenadorVerAvaliadoresDeSegundaImportacaoDeDuasImportacoesEmAreaDiferenteComDadosAtualizados;10%;0,5
importarAvaliadoresCoordenadorVerAvaliadoresDeSegundaImportacaoDeDuasImportacoesEmAreaDiferenteComDadosAtualizados;20%;0,6666667
importarAvaliadoresCoordenadorVerAvaliadoresDeSegundaImportacaoDeDuasImportacoesEmAreaDiferenteComDadosAtualizados;30%;0,4444444
importarAvaliadoresCoordenadorVerAvaliadoresDeSegundaImportacaoDeDuasImportacoesEmAreaDiferenteComDadosAtualizados;40%;0,5
importarAvaliadoresCoordenadorVerAvaliadoresDeSegundaImportacaoDeDuasImportacoesEmAreaDiferenteComDadosAtualizados;50%;0,5833333
importarAvaliadoresCoordenadorVerAvaliadoresDeSegundaImportacaoDeDuasImportacoesEmAreaDiferenteComDadosAtualizados;60%;0,6153846
importarAvaliadoresCoordenadorVerAvaliadoresDeSegundaImportacaoDeDuasImportacoesEmAreaDiferenteComDadosAtualizados;70%;0,6428571
importarAvaliadoresCoordenadorVerAvaliadoresDeSegundaImportacaoDeDuasImportacoesEmAreaDiferenteComDadosAtualizados;80%;0,6875
importarAvaliadoresCoordenadorVerAvaliadoresDeSegundaImportacaoDeDuasImportacoesEmAreaDiferenteComDadosAtualizados;90%;0,7058824
importarAvaliadoresCoordenadorVerAvaliadoresDeSegundaImportacaoDeDuasImportacoesEmAreaDiferenteComDadosAtualizados;100%;0,3333333
importarAvaliadoresCoordenadorVerCoordenadorDeSegundaImportacaoDeDuasImportacoesEmAreaDiferenteComDadosAtualizados;0%;1
importarAvaliadoresCoordenadorVerCoordenadorDeSegundaImportacaoDeDuasImportacoesEmAreaDiferenteComDadosAtualizados;10%;0,5
importarAvaliadoresCoordenadorVerCoordenadorDeSegundaImportacaoDeDuasImportacoesEmAreaDiferenteComDadosAtualizados;20%;0,6666667
importarAvaliadoresCoordenadorVerCoordenadorDeSegundaImportacaoDeDuasImportacoesEmAreaDiferenteComDadosAtualizados;30%;0,4444444
importarAvaliadoresCoordenadorVerCoordenadorDeSegundaImportacaoDeDuasImportacoesEmAreaDiferenteComDadosAtualizados;40%;0,5
importarAvaliadoresCoordenadorVerCoordenadorDeSegundaImportacaoDeDuasImportacoesEmAreaDiferenteComDadosAtualizados;50%;0,5833333
importarAvaliadoresCoordenadorVerCoordenadorDeSegundaImportacaoDeDuasImportacoesEmAreaDiferenteComDadosAtualizados;60%;0,6153846
importarAvaliadoresCoordenadorVerCoordenadorDeSegundaImportacaoDeDuasImportacoesEmAreaDiferenteComDadosAtualizados;70%;0,6428571
importarAvaliadoresCoordenadorVerCoordenadorDeSegundaImportacaoDeDuasImportacoesEmAreaDiferenteComDadosAtualizados;80%;0,6875
importarAvaliadoresCoordenadorVerCoordenadorDeSegundaImportacaoDeDuasImportacoesEmAreaDiferenteComDadosAtualizados;90%;0,7058824
importarAvaliadoresCoordenadorVerCoordenadorDeSegundaImportacaoDeDuasImportacoesEmAreaDiferenteComDadosAtualizados;100%;0,3333333
importarAvaliadoresCoordenadorVerAvaliadoresDePrimeiraImportacaoDeDuasImportacoesEmAreaDiferenteComDadosAtualizados;0%;1
importarAvaliadoresCoordenadorVerAvaliadoresDePrimeiraImportacaoDeDuasImportacoesEmAreaDiferenteComDadosAtualizados;10%;0,5
importarAvaliadoresCoordenadorVerAvaliadoresDePrimeiraImportacaoDeDuasImportacoesEmAreaDiferenteComDadosAtualizados;20%;0,6666667
importarAvaliadoresCoordenadorVerAvaliadoresDePrimeiraImportacaoDeDuasImportacoesEmAreaDiferenteComDadosAtualizados;30%;0,4444444
importarAvaliadoresCoordenadorVerAvaliadoresDePrimeiraImportacaoDeDuasImportacoesEmAreaDiferenteComDadosAtualizados;40%;0,5
importarAvaliadoresCoordenadorVerAvaliadoresDePrimeiraImportacaoDeDuasImportacoesEmAreaDiferenteComDadosAtualizados;50%;0,5833333
importarAvaliadoresCoordenadorVerAvaliadoresDePrimeiraImportacaoDeDuasImportacoesEmAreaDiferenteComDadosAtualizados;60%;0,6153846
importarAvaliadoresCoordenadorVerAvaliadoresDePrimeiraImportacaoDeDuasImportacoesEmAreaDiferenteComDadosAtualizados;70%;0,6428571
importarAvaliadoresCoordenadorVerAvaliadoresDePrimeiraImportacaoDeDuasImportacoesEmAreaDiferenteComDadosAtualizados;80%;0,6875
importarAvaliadoresCoordenadorVerAvaliadoresDePrimeiraImportacaoDeDuasImportacoesEmAreaDiferenteComDadosAtualizados;90%;0,7058824
importarAvaliadoresCoordenadorVerAvaliadoresDePrimeiraImportacaoDeDuasImportacoesEmAreaDiferenteComDadosAtualizados;100%;0,3333333
importarAvaliadoresCoordenadorVerCoordenadorDePrimeiraImportacaoDeDuasImportacoesEmAreaDiferenteComDadosAtualizados;0%;1
importarAvaliadoresCoordenadorVerCoordenadorDePrimeiraImportacaoDeDuasImportacoesEmAreaDiferenteComDadosAtualizados;10%;0,5
importarAvaliadoresCoordenadorVerCoordenadorDePrimeiraImportacaoDeDuasImportacoesEmAreaDiferenteComDadosAtualizados;20%;0,6666667
importarAvaliadoresCoordenadorVerCoordenadorDePrimeiraImportacaoDeDuasImportacoesEmAreaDiferenteComDadosAtualizados;30%;0,4444444
importarAvaliadoresCoordenadorVerCoordenadorDePrimeiraImportacaoDeDuasImportacoesEmAreaDiferenteComDadosAtualizados;40%;0,5
importarAvaliadoresCoordenadorVerCoordenadorDePrimeiraImportacaoDeDuasImportacoesEmAreaDiferenteComDadosAtualizados;50%;0,5833333
importarAvaliadoresCoordenadorVerCoordenadorDePrimeiraImportacaoDeDuasImportacoesEmAreaDiferenteComDadosAtualizados;60%;0,6153846
importarAvaliadoresCoordenadorVerCoordenadorDePrimeiraImportacaoDeDuasImportacoesEmAreaDiferenteComDadosAtualizados;70%;0,6428571
importarAvaliadoresCoordenadorVerCoordenadorDePrimeiraImportacaoDeDuasImportacoesEmAreaDiferenteComDadosAtualizados;80%;0,6875
importarAvaliadoresCoordenadorVerCoordenadorDePrimeiraImportacaoDeDuasImportacoesEmAreaDiferenteComDadosAtualizados;90%;0,7058824
importarAvaliadoresCoordenadorVerCoordenadorDePrimeiraImportacaoDeDuasImportacoesEmAreaDiferenteComDadosAtualizados;100%;0,3333333
importarProducoesPagina;0%;1
importarProducoesPagina;10%;1
importarProducoesPagina;20%;0,1111111
importarProducoesPagina;30%;0,2
importarProducoesPagina;40%;0,2727273
importarProducoesPagina;50%;0,3333333
importarProducoesPagina;60%;0,3333333
importarProducoesPagina;70%;0,2
importarProducoesPagina;80%;0,2307692
importarProducoesPagina;90%;0,2592593
importarProducoesPagina;100%;0,2857143
importarProducoesComSucesso;0%;1
importarProducoesComSucesso;10%;1
importarProducoesComSucesso;20%;1
importarProducoesComSucesso;30%;0,1
importarProducoesComSucesso;40%;0,1428571
importarProducoesComSucesso;50%;0,1818182
importarProducoesComSucesso;60%;0,1818182
importarProducoesComSucesso;70%;0,2173913
importarProducoesComSucesso;80%;0,25
importarProducoesComSucesso;90%;0,28
importarProducoesComSucesso;100%;0,1860465
importarProducoesDuasVezesComSucesso;0%;1
importarProducoesDuasVezesComSucesso;10%;1
importarProducoesDuasVezesComSucesso;20%;0,2
importarProducoesDuasVezesComSucesso;30%;0,08333333
importarProducoesDuasVezesComSucesso;40%;0,12
importarProducoesDuasVezesComSucesso;50%;0,1538462
importarProducoesDuasVezesComSucesso;60%;0,1538462
importarProducoesDuasVezesComSucesso;70%;0,1851852
importarProducoesDuasVezesComSucesso;80%;0,2142857
importarProducoesDuasVezesComSucesso;90%;0,2413793
importarProducoesDuasVezesComSucesso;100%;0,1860465
importarProducoesSemArquivo;0%;1
importarProducoesSemArquivo;10%;1
importarProducoesSemArquivo;20%;0,25
importarProducoesSemArquivo;30%;0,05405405
importarProducoesSemArquivo;40%;0,07894737
importarProducoesSemArquivo;50%;0,1025641
importarProducoesSemArquivo;60%;0,1025641
importarProducoesSemArquivo;70%;0,125
importarProducoesSemArquivo;80%;0,1463415
importarProducoesSemArquivo;90%;0,1666667
importarProducoesSemArquivo;100%;0,1860465
importarProducoesArquivoVazio;0%;1
importarProducoesArquivoVazio;10%;1
importarProducoesArquivoVazio;20%;0,1428571
importarProducoesArquivoVazio;30%;0,25
importarProducoesArquivoVazio;40%;0,2727273
importarProducoesArquivoVazio;50%;0,1666667
importarProducoesArquivoVazio;60%;0,1666667
importarProducoesArquivoVazio;70%;0,2
importarProducoesArquivoVazio;80%;0,2307692
importarProducoesArquivoVazio;90%;0,2592593
importarProducoesArquivoVazio;100%;0,1860465
importarProducoesArquivoSemCabecalho;0%;1
importarProducoesArquivoSemCabecalho;10%;1
importarProducoesArquivoSemCabecalho;20%;0,1428571
importarProducoesArquivoSemCabecalho;30%;0,25
importarProducoesArquivoSemCabecalho;40%;0,2727273
importarProducoesArquivoSemCabecalho;50%;0,1666667
importarProducoesArquivoSemCabecalho;60%;0,1666667
importarProducoesArquivoSemCabecalho;70%;0,2
importarProducoesArquivoSemCabecalho;80%;0,2307692
importarProducoesArquivoSemCabecalho;90%;0,2592593
importarProducoesArquivoSemCabecalho;100%;0,1860465
importarProducoesArquivoSemIdentificador;0%;1
importarProducoesArquivoSemIdentificador;10%;1
importarProducoesArquivoSemIdentificador;20%;0,1428571
importarProducoesArquivoSemIdentificador;30%;0,25
importarProducoesArquivoSemIdentificador;40%;0,2727273
importarProducoesArquivoSemIdentificador;50%;0,1666667
importarProducoesArquivoSemIdentificador;60%;0,1666667
importarProducoesArquivoSemIdentificador;70%;0,2
importarProducoesArquivoSemIdentificador;80%;0,2307692
importarProducoesArquivoSemIdentificador;90%;0,2592593
importarProducoesArquivoSemIdentificador;100%;0,1860465
importarProducoesVerSubmissoesDeImportacaoComSucesso;0%;1
importarProducoesVerSubmissoesDeImportacaoComSucesso;10%;1
importarProducoesVerSubmissoesDeImportacaoComSucesso;20%;1
importarProducoesVerSubmissoesDeImportacaoComSucesso;30%;0,1
importarProducoesVerSubmissoesDeImportacaoComSucesso;40%;0,1428571
importarProducoesVerSubmissoesDeImportacaoComSucesso;50%;0,1818182
importarProducoesVerSubmissoesDeImportacaoComSucesso;60%;0,1818182
importarProducoesVerSubmissoesDeImportacaoComSucesso;70%;0,2173913
importarProducoesVerSubmissoesDeImportacaoComSucesso;80%;0,25
importarProducoesVerSubmissoesDeImportacaoComSucesso;90%;0,28
importarProducoesVerSubmissoesDeImportacaoComSucesso;100%;0,1860465
importarProducoesVerSubmissoesDeDuasImportacoesDiferentesComSucesso;0%;1
importarProducoesVerSubmissoesDeDuasImportacoesDiferentesComSucesso;10%;1
importarProducoesVerSubmissoesDeDuasImportacoesDiferentesComSucesso;20%;0,09090909
importarProducoesVerSubmissoesDeDuasImportacoesDiferentesComSucesso;30%;0,07407407
importarProducoesVerSubmissoesDeDuasImportacoesDiferentesComSucesso;40%;0,1071429
importarProducoesVerSubmissoesDeDuasImportacoesDiferentesComSucesso;50%;0,137931
importarProducoesVerSubmissoesDeDuasImportacoesDiferentesComSucesso;60%;0,137931
importarProducoesVerSubmissoesDeDuasImportacoesDiferentesComSucesso;70%;0,1666667
importarProducoesVerSubmissoesDeDuasImportacoesDiferentesComSucesso;80%;0,1935484
importarProducoesVerSubmissoesDeDuasImportacoesDiferentesComSucesso;90%;0,21875
importarProducoesVerSubmissoesDeDuasImportacoesDiferentesComSucesso;100%;0,1860465
pluginsPaginaGeral;0%;1
pluginsPaginaGeral;10%;1
pluginsPaginaGeral;20%;1
pluginsPaginaGeral;30%;1
pluginsPaginaGeral;40%;1
pluginsPaginaGeral;50%;1
pluginsPaginaGeral;60%;1
pluginsPaginaGeral;70%;1
pluginsPaginaGeral;80%;1
pluginsPaginaGeral;90%;1
pluginsPaginaGeral;100%;1
pluginsPaginaDoPlugin;0%;1
pluginsPaginaDoPlugin;10%;1
pluginsPaginaDoPlugin;20%;1
pluginsPaginaDoPlugin;30%;1
pluginsPaginaDoPlugin;40%;1
pluginsPaginaDoPlugin;50%;1
pluginsPaginaDoPlugin;60%;1
pluginsPaginaDoPlugin;70%;1
pluginsPaginaDoPlugin;80%;1
pluginsPaginaDoPlugin;90%;1
pluginsPaginaDoPlugin;100%;1
